ICE=[
    2.00000E-07    1.39360E+00    3.81000E-08
    2.03112E-07    1.38929E+00    3.31516E-08
    2.06272E-07    1.38498E+00    2.90114E-08
    2.09482E-07    1.38069E+00    2.56062E-08
    2.12742E-07    1.37785E+00    2.32235E-08
    2.16052E-07    1.37529E+00    2.13591E-08
    2.19414E-07    1.37274E+00    2.00224E-08
    2.22828E-07    1.37014E+00    1.86373E-08
    2.26295E-07    1.36753E+00    1.73675E-08
    2.29816E-07    1.36493E+00    1.62556E-08
    2.33392E-07    1.36235E+00    1.53731E-08
    2.37024E-07    1.35977E+00    1.47108E-08
    2.40712E-07    1.35720E+00    1.42122E-08
    2.44458E-07    1.35458E+00    1.37633E-08
    2.48261E-07    1.35197E+00    1.34368E-08
    2.52124E-07    1.35002E+00    1.32784E-08
    2.56047E-07    1.34861E+00    1.32390E-08
    2.60032E-07    1.34719E+00    1.31994E-08
    2.64078E-07    1.34576E+00    1.31172E-08
    2.68187E-07    1.34432E+00    1.30355E-08
    2.72360E-07    1.34289E+00    1.29031E-08
    2.76598E-07    1.34144E+00    1.27331E-08
    2.80902E-07    1.34001E+00    1.25245E-08
    2.85273E-07    1.33860E+00    1.21682E-08
    2.89711E-07    1.33719E+00    1.18220E-08
    2.94219E-07    1.33574E+00    1.14523E-08
    2.98797E-07    1.33428E+00    1.10919E-08
    3.03447E-07    1.33324E+00    1.03673E-08
    3.08168E-07    1.33234E+00    9.56959E-09
    3.12964E-07    1.33146E+00    8.95851E-09
    3.17833E-07    1.33059E+00    8.46033E-09
    3.22779E-07    1.32969E+00    8.07681E-09
    3.27801E-07    1.32879E+00    7.77652E-09
    3.32902E-07    1.32787E+00    7.45335E-09
    3.38082E-07    1.32694E+00    7.11879E-09
    3.43343E-07    1.32603E+00    6.70074E-09
    3.48685E-07    1.32512E+00    6.25426E-09
    3.54111E-07    1.32444E+00    5.69084E-09
    3.59621E-07    1.32384E+00    5.13586E-09
    3.65216E-07    1.32317E+00    4.56525E-09
    3.70899E-07    1.32250E+00    4.06078E-09
    3.76670E-07    1.32186E+00    3.64679E-09
    3.82531E-07    1.32122E+00    3.34794E-09
    3.88484E-07    1.32056E+00    3.16464E-09
    3.94529E-07    1.31994E+00    2.97943E-09
    4.00668E-07    1.31934E+00    2.79791E-09
    4.06902E-07    1.31878E+00    2.60141E-09
    4.13233E-07    1.31826E+00    2.42560E-09
    4.19663E-07    1.31777E+00    2.26790E-09
    4.26193E-07    1.31730E+00    2.14627E-09
    4.32825E-07    1.31682E+00    2.03009E-09
    4.39560E-07    1.31636E+00    1.91710E-09
    4.46399E-07    1.31592E+00    1.66321E-09
    4.53346E-07    1.31549E+00    1.53662E-09
    4.60400E-07    1.31507E+00    1.53080E-09
    4.67564E-07    1.31466E+00    1.54514E-09
    4.74839E-07    1.31426E+00    1.59315E-09
    4.82227E-07    1.31388E+00    1.67044E-09
    4.89731E-07    1.31350E+00    1.77612E-09
    4.97351E-07    1.31314E+00    1.87493E-09
    5.05090E-07    1.31279E+00    2.02437E-09
    5.12949E-07    1.31245E+00    2.17495E-09
    5.20931E-07    1.31211E+00    2.28492E-09
    5.29037E-07    1.31179E+00    2.51182E-09
    5.37269E-07    1.31147E+00    2.81863E-09
    5.45628E-07    1.31115E+00    3.03040E-09
    5.54119E-07    1.31085E+00    3.18330E-09
    5.62741E-07    1.31055E+00    3.35190E-09
    5.71497E-07    1.31026E+00    3.59391E-09
    5.80390E-07    1.30998E+00    4.07010E-09
    5.89421E-07    1.30970E+00    4.82731E-09
    5.98592E-07    1.30942E+00    5.60283E-09
    6.07906E-07    1.30915E+00    6.63079E-09
    6.17365E-07    1.30889E+00    8.10097E-09
    6.26972E-07    1.30863E+00    9.81462E-09
    6.36727E-07    1.30837E+00    1.15822E-08
    6.46635E-07    1.30812E+00    1.35595E-08
    6.56697E-07    1.30788E+00    1.58060E-08
    6.66915E-07    1.30763E+00    1.81621E-08
    6.77292E-07    1.30739E+00    2.03414E-08
    6.87831E-07    1.30715E+00    2.32947E-08
    6.98534E-07    1.30691E+00    2.82112E-08
    7.09403E-07    1.30668E+00    3.40535E-08
    7.20442E-07    1.30645E+00    4.04163E-08
    7.31652E-07    1.30622E+00    4.39729E-08
    7.43036E-07    1.30599E+00    5.19224E-08
    7.54598E-07    1.30576E+00    6.40027E-08
    7.66340E-07    1.30554E+00    7.99958E-08
    7.78264E-07    1.30531E+00    9.89989E-08
    7.90374E-07    1.30508E+00    1.18566E-07
    8.02672E-07    1.30486E+00    1.35585E-07
    8.15162E-07    1.30464E+00    1.41545E-07
    8.27846E-07    1.30441E+00    1.44569E-07
    8.40727E-07    1.30418E+00    1.53138E-07
    8.53809E-07    1.30396E+00    1.94629E-07
    8.67095E-07    1.30372E+00    2.49443E-07
    8.80587E-07    1.30349E+00    3.38119E-07
    8.94289E-07    1.30326E+00    4.03810E-07
    9.08204E-07    1.30302E+00    4.39611E-07
    9.22336E-07    1.30279E+00    4.82431E-07
    9.36687E-07    1.30255E+00    5.38769E-07
    9.51262E-07    1.30230E+00    6.19541E-07
    9.66064E-07    1.30206E+00    8.54722E-07
    9.81096E-07    1.30180E+00    1.14140E-06
    9.96362E-07    1.30155E+00    1.50818E-06
    1.01187E-06    1.30129E+00    2.04462E-06
    1.02761E-06    1.30103E+00    2.31070E-06
    1.04360E-06    1.30076E+00    2.27090E-06
    1.05984E-06    1.30048E+00    1.96320E-06
    1.07633E-06    1.30020E+00    1.76529E-06
    1.09308E-06    1.29991E+00    1.72068E-06
    1.11009E-06    1.29962E+00    1.76051E-06
    1.12736E-06    1.29932E+00    1.97965E-06
    1.14490E-06    1.29900E+00    2.26956E-06
    1.16272E-06    1.29868E+00    3.23981E-06
    1.18081E-06    1.29835E+00    4.84358E-06
    1.19918E-06    1.29801E+00    6.62704E-06
    1.21784E-06    1.29766E+00    9.84705E-06
    1.23679E-06    1.29730E+00    1.19045E-05
    1.25604E-06    1.29694E+00    1.30805E-05
    1.27558E-06    1.29655E+00    1.33878E-05
    1.29543E-06    1.29615E+00    1.32000E-05
    1.31559E-06    1.29572E+00    1.31559E-05
    1.33606E-06    1.29529E+00    1.33209E-05
    1.35685E-06    1.29483E+00    1.41049E-05
    1.37796E-06    1.29435E+00    1.55910E-05
    1.39940E-06    1.29383E+00    1.96474E-05
    1.42117E-06    1.29324E+00    5.73481E-05
    1.44329E-06    1.29264E+00    1.48631E-04
    1.46575E-06    1.29221E+00    3.36131E-04
    1.48855E-06    1.29179E+00    5.27716E-04
    1.51171E-06    1.29138E+00    5.15048E-04
    1.53524E-06    1.29087E+00    4.58445E-04
    1.55913E-06    1.29037E+00    3.86620E-04
    1.58339E-06    1.28968E+00    3.07901E-04
    1.60802E-06    1.28899E+00    2.58622E-04
    1.63304E-06    1.28832E+00    2.40715E-04
    1.65845E-06    1.28755E+00    2.13388E-04
    1.68426E-06    1.28677E+00    1.86324E-04
    1.71047E-06    1.28586E+00    1.64251E-04
    1.73708E-06    1.28495E+00    1.48838E-04
    1.76411E-06    1.28393E+00    1.39432E-04
    1.79156E-06    1.28292E+00    1.33167E-04
    1.81944E-06    1.28184E+00    1.25811E-04
    1.84775E-06    1.28058E+00    1.26000E-04
    1.87650E-06    1.27918E+00    1.72151E-04
    1.90570E-06    1.27765E+00    4.51089E-04
    1.93535E-06    1.27641E+00    9.34117E-04
    1.96547E-06    1.27522E+00    1.47985E-03
    1.99605E-06    1.27415E+00    1.64000E-03
    2.02711E-06    1.27300E+00    1.53964E-03
    2.05865E-06    1.27155E+00    1.30850E-03
    2.09068E-06    1.26988E+00    9.43902E-04
    2.12322E-06    1.26780E+00    5.87107E-04
    2.15625E-06    1.26542E+00    3.78858E-04
    2.18980E-06    1.26283E+00    2.78122E-04
    2.22388E-06    1.26005E+00    2.25270E-04
    2.25848E-06    1.25689E+00    2.13656E-04
    2.29362E-06    1.25340E+00    2.72068E-04
    2.32931E-06    1.24979E+00    3.94004E-04
    2.36556E-06    1.24562E+00    5.15716E-04
    2.40237E-06    1.24100E+00    5.96218E-04
    2.43975E-06    1.23579E+00    6.62834E-04
    2.47771E-06    1.22965E+00    7.49597E-04
    2.51626E-06    1.22269E+00    8.21453E-04
    2.55542E-06    1.21416E+00    8.63591E-04
    2.59518E-06    1.20352E+00    9.70653E-04
    2.63556E-06    1.18952E+00    1.75956E-03
    2.67657E-06    1.17326E+00    3.51226E-03
    2.71822E-06    1.15094E+00    7.07386E-03
    2.76051E-06    1.12067E+00    1.47625E-02
    2.80347E-06    1.08130E+00    3.04443E-02
    2.84709E-06    1.02901E+00    6.58632E-02
